# ID, Code, Pattern (signed -1/0/+1), Form
0, 0, (-1,-1,-1,-1,-1,-1,-1,-1), pit
1, 1, (-1,-1,-1,-1,-1,-1,-1,0), valley
2, 2, (-1,-1,-1,-1,-1,-1,-1,1), footslope
3, 4, (-1,-1,-1,-1,-1,-1,0,0), valley
4, 5, (-1,-1,-1,-1,-1,-1,0,1), footslope
5, 8, (-1,-1,-1,-1,-1,-1,1,1), footslope
6, 10, (-1,-1,-1,-1,-1,0,-1,0), valley
7, 11, (-1,-1,-1,-1,-1,0,-1,1), footslope
8, 13, (-1,-1,-1,-1,-1,0,0,0), valley
9, 14, (-1,-1,-1,-1,-1,0,0,1), footslope
10, 16, (-1,-1,-1,-1,-1,0,1,0), footslope
11, 17, (-1,-1,-1,-1,-1,0,1,1), footslope
12, 20, (-1,-1,-1,-1,-1,1,-1,1), footslope
13, 23, (-1,-1,-1,-1,-1,1,0,1), footslope
14, 26, (-1,-1,-1,-1,-1,1,1,1), footslope
15, 28, (-1,-1,-1,-1,0,-1,-1,0), valley
16, 29, (-1,-1,-1,-1,0,-1,-1,1), footslope
17, 31, (-1,-1,-1,-1,0,-1,0,0), valley
18, 32, (-1,-1,-1,-1,0,-1,0,1), footslope
19, 34, (-1,-1,-1,-1,0,-1,1,0), footslope
20, 35, (-1,-1,-1,-1,0,-1,1,1), footslope
21, 38, (-1,-1,-1,-1,0,0,-1,1), footslope
22, 40, (-1,-1,-1,-1,0,0,0,0), footslope
23, 41, (-1,-1,-1,-1,0,0,0,1), footslope
24, 43, (-1,-1,-1,-1,0,0,1,0), footslope
25, 44, (-1,-1,-1,-1,0,0,1,1), footslope
26, 47, (-1,-1,-1,-1,0,1,-1,1), footslope
27, 50, (-1,-1,-1,-1,0,1,0,1), footslope
28, 52, (-1,-1,-1,-1,0,1,1,0), footslope
29, 53, (-1,-1,-1,-1,0,1,1,1), footslope
30, 56, (-1,-1,-1,-1,1,-1,-1,1), footslope
31, 59, (-1,-1,-1,-1,1,-1,0,1), footslope
32, 62, (-1,-1,-1,-1,1,-1,1,1), footslope
33, 68, (-1,-1,-1,-1,1,0,0,1), footslope
34, 71, (-1,-1,-1,-1,1,0,1,1), footslope
35, 80, (-1,-1,-1,-1,1,1,1,1), slope
36, 82, (-1,-1,-1,0,-1,-1,-1,0), valley
37, 83, (-1,-1,-1,0,-1,-1,-1,1), footslope
38, 85, (-1,-1,-1,0,-1,-1,0,0), valley
39, 86, (-1,-1,-1,0,-1,-1,0,1), footslope
40, 88, (-1,-1,-1,0,-1,-1,1,0), footslope
41, 89, (-1,-1,-1,0,-1,-1,1,1), footslope
42, 91, (-1,-1,-1,0,-1,0,-1,0), valley
43, 92, (-1,-1,-1,0,-1,0,-1,1), footslope
44, 94, (-1,-1,-1,0,-1,0,0,0), footslope
45, 95, (-1,-1,-1,0,-1,0,0,1), footslope
46, 97, (-1,-1,-1,0,-1,0,1,0), footslope
47, 98, (-1,-1,-1,0,-1,0,1,1), footslope
48, 100, (-1,-1,-1,0,-1,1,-1,0), footslope
49, 101, (-1,-1,-1,0,-1,1,-1,1), footslope
50, 103, (-1,-1,-1,0,-1,1,0,0), footslope
51, 104, (-1,-1,-1,0,-1,1,0,1), footslope
52, 106, (-1,-1,-1,0,-1,1,1,0), footslope
53, 107, (-1,-1,-1,0,-1,1,1,1), footslope
54, 110, (-1,-1,-1,0,0,-1,-1,1), footslope
55, 112, (-1,-1,-1,0,0,-1,0,0), footslope
56, 113, (-1,-1,-1,0,0,-1,0,1), footslope
57, 115, (-1,-1,-1,0,0,-1,1,0), footslope
58, 116, (-1,-1,-1,0,0,-1,1,1), footslope
59, 119, (-1,-1,-1,0,0,0,-1,1), footslope
60, 121, (-1,-1,-1,0,0,0,0,0), footslope
61, 122, (-1,-1,-1,0,0,0,0,1), footslope
62, 124, (-1,-1,-1,0,0,0,1,0), footslope
63, 125, (-1,-1,-1,0,0,0,1,1), footslope
64, 128, (-1,-1,-1,0,0,1,-1,1), footslope
65, 130, (-1,-1,-1,0,0,1,0,0), footslope
66, 131, (-1,-1,-1,0,0,1,0,1), footslope
67, 133, (-1,-1,-1,0,0,1,1,0), footslope
68, 134, (-1,-1,-1,0,0,1,1,1), slope
69, 137, (-1,-1,-1,0,1,-1,-1,1), footslope
70, 140, (-1,-1,-1,0,1,-1,0,1), footslope
71, 142, (-1,-1,-1,0,1,-1,1,0), footslope
72, 143, (-1,-1,-1,0,1,-1,1,1), footslope
73, 146, (-1,-1,-1,0,1,0,-1,1), footslope
74, 149, (-1,-1,-1,0,1,0,0,1), footslope
75, 151, (-1,-1,-1,0,1,0,1,0), footslope
76, 152, (-1,-1,-1,0,1,0,1,1), slope
77, 155, (-1,-1,-1,0,1,1,-1,1), footslope
78, 158, (-1,-1,-1,0,1,1,0,1), slope
79, 160, (-1,-1,-1,0,1,1,1,0), slope
80, 161, (-1,-1,-1,0,1,1,1,1), shoulder
81, 164, (-1,-1,-1,1,-1,-1,-1,1), footslope
82, 167, (-1,-1,-1,1,-1,-1,0,1), footslope
83, 170, (-1,-1,-1,1,-1,-1,1,1), footslope
84, 173, (-1,-1,-1,1,-1,0,-1,1), footslope
85, 176, (-1,-1,-1,1,-1,0,0,1), footslope
86, 179, (-1,-1,-1,1,-1,0,1,1), footslope
87, 182, (-1,-1,-1,1,-1,1,-1,1), footslope
88, 185, (-1,-1,-1,1,-1,1,0,1), footslope
89, 188, (-1,-1,-1,1,-1,1,1,1), slope
90, 194, (-1,-1,-1,1,0,-1,0,1), footslope
91, 197, (-1,-1,-1,1,0,-1,1,1), footslope
92, 203, (-1,-1,-1,1,0,0,0,1), footslope
93, 206, (-1,-1,-1,1,0,0,1,1), slope
94, 212, (-1,-1,-1,1,0,1,0,1), slope
95, 215, (-1,-1,-1,1,0,1,1,1), shoulder
96, 224, (-1,-1,-1,1,1,-1,1,1), slope
97, 233, (-1,-1,-1,1,1,0,1,1), shoulder
98, 242, (-1,-1,-1,1,1,1,1,1), shoulder
99, 253, (-1,-1,0,-1,-1,0,-1,0), valley
100, 254, (-1,-1,0,-1,-1,0,-1,1), footslope
101, 256, (-1,-1,0,-1,-1,0,0,0), footslope
102, 257, (-1,-1,0,-1,-1,0,0,1), footslope
103, 259, (-1,-1,0,-1,-1,0,1,0), footslope
104, 260, (-1,-1,0,-1,-1,0,1,1), footslope
105, 263, (-1,-1,0,-1,-1,1,-1,1), footslope
106, 266, (-1,-1,0,-1,-1,1,0,1), footslope
107, 269, (-1,-1,0,-1,-1,1,1,1), footslope
108, 272, (-1,-1,0,-1,0,-1,-1,1), footslope
109, 274, (-1,-1,0,-1,0,-1,0,0), footslope
110, 275, (-1,-1,0,-1,0,-1,0,1), footslope
111, 277, (-1,-1,0,-1,0,-1,1,0), footslope
112, 278, (-1,-1,0,-1,0,-1,1,1), footslope
113, 280, (-1,-1,0,-1,0,0,-1,0), footslope
114, 281, (-1,-1,0,-1,0,0,-1,1), footslope
115, 283, (-1,-1,0,-1,0,0,0,0), footslope
116, 284, (-1,-1,0,-1,0,0,0,1), footslope
117, 286, (-1,-1,0,-1,0,0,1,0), footslope
118, 287, (-1,-1,0,-1,0,0,1,1), footslope
119, 289, (-1,-1,0,-1,0,1,-1,0), footslope
120, 290, (-1,-1,0,-1,0,1,-1,1), footslope
121, 292, (-1,-1,0,-1,0,1,0,0), footslope
122, 293, (-1,-1,0,-1,0,1,0,1), footslope
123, 295, (-1,-1,0,-1,0,1,1,0), footslope
124, 296, (-1,-1,0,-1,0,1,1,1), slope
125, 299, (-1,-1,0,-1,1,-1,-1,1), footslope
126, 301, (-1,-1,0,-1,1,-1,0,0), footslope
127, 302, (-1,-1,0,-1,1,-1,0,1), footslope
128, 304, (-1,-1,0,-1,1,-1,1,0), footslope
129, 305, (-1,-1,0,-1,1,-1,1,1), footslope
130, 308, (-1,-1,0,-1,1,0,-1,1), footslope
131, 310, (-1,-1,0,-1,1,0,0,0), footslope
132, 311, (-1,-1,0,-1,1,0,0,1), footslope
133, 313, (-1,-1,0,-1,1,0,1,0), footslope
134, 314, (-1,-1,0,-1,1,0,1,1), slope
135, 316, (-1,-1,0,-1,1,1,-1,0), footslope
136, 317, (-1,-1,0,-1,1,1,-1,1), footslope
137, 319, (-1,-1,0,-1,1,1,0,0), footslope
138, 320, (-1,-1,0,-1,1,1,0,1), slope
139, 322, (-1,-1,0,-1,1,1,1,0), slope
140, 323, (-1,-1,0,-1,1,1,1,1), shoulder
141, 328, (-1,-1,0,0,-1,-1,0,0), footslope
142, 329, (-1,-1,0,0,-1,-1,0,1), footslope
143, 332, (-1,-1,0,0,-1,-1,1,1), footslope
144, 335, (-1,-1,0,0,-1,0,-1,1), footslope
145, 337, (-1,-1,0,0,-1,0,0,0), footslope
146, 338, (-1,-1,0,0,-1,0,0,1), footslope
147, 340, (-1,-1,0,0,-1,0,1,0), footslope
148, 341, (-1,-1,0,0,-1,0,1,1), footslope
149, 344, (-1,-1,0,0,-1,1,-1,1), footslope
150, 346, (-1,-1,0,0,-1,1,0,0), footslope
151, 347, (-1,-1,0,0,-1,1,0,1), footslope
152, 349, (-1,-1,0,0,-1,1,1,0), footslope
153, 350, (-1,-1,0,0,-1,1,1,1), slope
154, 353, (-1,-1,0,0,0,-1,-1,1), footslope
155, 356, (-1,-1,0,0,0,-1,0,1), footslope
156, 358, (-1,-1,0,0,0,-1,1,0), footslope
157, 359, (-1,-1,0,0,0,-1,1,1), footslope
158, 362, (-1,-1,0,0,0,0,-1,1), footslope
159, 364, (-1,-1,0,0,0,0,0,0), none
160, 365, (-1,-1,0,0,0,0,0,1), none
161, 367, (-1,-1,0,0,0,0,1,0), none
162, 368, (-1,-1,0,0,0,0,1,1), none
163, 371, (-1,-1,0,0,0,1,-1,1), footslope
164, 373, (-1,-1,0,0,0,1,0,0), none
165, 374, (-1,-1,0,0,0,1,0,1), none
166, 376, (-1,-1,0,0,0,1,1,0), none
167, 377, (-1,-1,0,0,0,1,1,1), shoulder
168, 380, (-1,-1,0,0,1,-1,-1,1), footslope
169, 383, (-1,-1,0,0,1,-1,0,1), footslope
170, 385, (-1,-1,0,0,1,-1,1,0), footslope
171, 386, (-1,-1,0,0,1,-1,1,1), slope
172, 389, (-1,-1,0,0,1,0,-1,1), footslope
173, 392, (-1,-1,0,0,1,0,0,1), none
174, 394, (-1,-1,0,0,1,0,1,0), none
175, 395, (-1,-1,0,0,1,0,1,1), shoulder
176, 398, (-1,-1,0,0,1,1,-1,1), slope
177, 400, (-1,-1,0,0,1,1,0,0), none
178, 401, (-1,-1,0,0,1,1,0,1), shoulder
179, 403, (-1,-1,0,0,1,1,1,0), shoulder
180, 404, (-1,-1,0,0,1,1,1,1), shoulder
181, 410, (-1,-1,0,1,-1,-1,0,1), footslope
182, 412, (-1,-1,0,1,-1,-1,1,0), footslope
183, 413, (-1,-1,0,1,-1,-1,1,1), footslope
184, 416, (-1,-1,0,1,-1,0,-1,1), footslope
185, 419, (-1,-1,0,1,-1,0,0,1), footslope
186, 421, (-1,-1,0,1,-1,0,1,0), footslope
187, 422, (-1,-1,0,1,-1,0,1,1), slope
188, 425, (-1,-1,0,1,-1,1,-1,1), footslope
189, 428, (-1,-1,0,1,-1,1,0,1), slope
190, 430, (-1,-1,0,1,-1,1,1,0), slope
191, 431, (-1,-1,0,1,-1,1,1,1), shoulder
192, 434, (-1,-1,0,1,0,-1,-1,1), footslope
193, 437, (-1,-1,0,1,0,-1,0,1), footslope
194, 440, (-1,-1,0,1,0,-1,1,1), slope
195, 443, (-1,-1,0,1,0,0,-1,1), footslope
196, 446, (-1,-1,0,1,0,0,0,1), none
197, 448, (-1,-1,0,1,0,0,1,0), none
198, 449, (-1,-1,0,1,0,0,1,1), shoulder
199, 452, (-1,-1,0,1,0,1,-1,1), slope
200, 455, (-1,-1,0,1,0,1,0,1), shoulder
201, 457, (-1,-1,0,1,0,1,1,0), shoulder
202, 458, (-1,-1,0,1,0,1,1,1), shoulder
203, 461, (-1,-1,0,1,1,-1,-1,1), footslope
204, 464, (-1,-1,0,1,1,-1,0,1), slope
205, 467, (-1,-1,0,1,1,-1,1,1), shoulder
206, 470, (-1,-1,0,1,1,0,-1,1), slope
207, 473, (-1,-1,0,1,1,0,0,1), shoulder
208, 476, (-1,-1,0,1,1,0,1,1), shoulder
209, 479, (-1,-1,0,1,1,1,-1,1), shoulder
210, 482, (-1,-1,0,1,1,1,0,1), shoulder
211, 484, (-1,-1,0,1,1,1,1,0), shoulder
212, 485, (-1,-1,0,1,1,1,1,1), shoulder
213, 506, (-1,-1,1,-1,-1,1,-1,1), footslope
214, 509, (-1,-1,1,-1,-1,1,0,1), footslope
215, 512, (-1,-1,1,-1,-1,1,1,1), slope
216, 518, (-1,-1,1,-1,0,-1,0,1), footslope
217, 521, (-1,-1,1,-1,0,-1,1,1), footslope
218, 524, (-1,-1,1,-1,0,0,-1,1), footslope
219, 527, (-1,-1,1,-1,0,0,0,1), footslope
220, 530, (-1,-1,1,-1,0,0,1,1), slope
221, 533, (-1,-1,1,-1,0,1,-1,1), footslope
222, 536, (-1,-1,1,-1,0,1,0,1), slope
223, 539, (-1,-1,1,-1,0,1,1,1), shoulder
224, 545, (-1,-1,1,-1,1,-1,0,1), footslope
225, 548, (-1,-1,1,-1,1,-1,1,1), slope
226, 554, (-1,-1,1,-1,1,0,0,1), slope
227, 557, (-1,-1,1,-1,1,0,1,1), shoulder
228, 560, (-1,-1,1,-1,1,1,-1,1), slope
229, 563, (-1,-1,1,-1,1,1,0,1), shoulder
230, 566, (-1,-1,1,-1,1,1,1,1), shoulder
231, 581, (-1,-1,1,0,-1,0,0,1), footslope
232, 584, (-1,-1,1,0,-1,0,1,1), slope
233, 590, (-1,-1,1,0,-1,1,0,1), slope
234, 593, (-1,-1,1,0,-1,1,1,1), shoulder
235, 602, (-1,-1,1,0,0,-1,1,1), slope
236, 608, (-1,-1,1,0,0,0,0,1), none
237, 611, (-1,-1,1,0,0,0,1,1), shoulder
238, 617, (-1,-1,1,0,0,1,0,1), shoulder
239, 620, (-1,-1,1,0,0,1,1,1), shoulder
240, 629, (-1,-1,1,0,1,-1,1,1), shoulder
241, 638, (-1,-1,1,0,1,0,1,1), shoulder
242, 644, (-1,-1,1,0,1,1,0,1), shoulder
243, 647, (-1,-1,1,0,1,1,1,1), shoulder
244, 656, (-1,-1,1,1,-1,-1,1,1), slope
245, 665, (-1,-1,1,1,-1,0,1,1), shoulder
246, 674, (-1,-1,1,1,-1,1,1,1), shoulder
247, 692, (-1,-1,1,1,0,0,1,1), shoulder
248, 701, (-1,-1,1,1,0,1,1,1), shoulder
249, 728, (-1,-1,1,1,1,1,1,1), shoulder
250, 820, (-1,0,-1,0,-1,0,-1,0), footslope
251, 821, (-1,0,-1,0,-1,0,-1,1), footslope
252, 823, (-1,0,-1,0,-1,0,0,0), footslope
253, 824, (-1,0,-1,0,-1,0,0,1), footslope
254, 826, (-1,0,-1,0,-1,0,1,0), footslope
255, 827, (-1,0,-1,0,-1,0,1,1), footslope
256, 830, (-1,0,-1,0,-1,1,-1,1), footslope
257, 833, (-1,0,-1,0,-1,1,0,1), footslope
258, 836, (-1,0,-1,0,-1,1,1,1), slope
259, 841, (-1,0,-1,0,0,-1,0,0), footslope
260, 842, (-1,0,-1,0,0,-1,0,1), footslope
261, 844, (-1,0,-1,0,0,-1,1,0), footslope
262, 845, (-1,0,-1,0,0,-1,1,1), footslope
263, 848, (-1,0,-1,0,0,0,-1,1), footslope
264, 850, (-1,0,-1,0,0,0,0,0), none
265, 851, (-1,0,-1,0,0,0,0,1), none
266, 853, (-1,0,-1,0,0,0,1,0), none
267, 854, (-1,0,-1,0,0,0,1,1), none
268, 857, (-1,0,-1,0,0,1,-1,1), footslope
269, 859, (-1,0,-1,0,0,1,0,0), none
270, 860, (-1,0,-1,0,0,1,0,1), none
271, 862, (-1,0,-1,0,0,1,1,0), none
272, 863, (-1,0,-1,0,0,1,1,1), shoulder
273, 869, (-1,0,-1,0,1,-1,0,1), footslope
274, 871, (-1,0,-1,0,1,-1,1,0), footslope
275, 872, (-1,0,-1,0,1,-1,1,1), slope
276, 875, (-1,0,-1,0,1,0,-1,1), footslope
277, 878, (-1,0,-1,0,1,0,0,1), none
278, 880, (-1,0,-1,0,1,0,1,0), none
279, 881, (-1,0,-1,0,1,0,1,1), shoulder
280, 884, (-1,0,-1,0,1,1,-1,1), slope
281, 887, (-1,0,-1,0,1,1,0,1), shoulder
282, 889, (-1,0,-1,0,1,1,1,0), shoulder
283, 890, (-1,0,-1,0,1,1,1,1), shoulder
284, 902, (-1,0,-1,1,-1,0,-1,1), footslope
285, 905, (-1,0,-1,1,-1,0,0,1), footslope
286, 908, (-1,0,-1,1,-1,0,1,1), slope
287, 911, (-1,0,-1,1,-1,1,-1,1), footslope
288, 914, (-1,0,-1,1,-1,1,0,1), slope
289, 917, (-1,0,-1,1,-1,1,1,1), shoulder
290, 923, (-1,0,-1,1,0,-1,0,1), footslope
291, 926, (-1,0,-1,1,0,-1,1,1), slope
292, 932, (-1,0,-1,1,0,0,0,1), none
293, 935, (-1,0,-1,1,0,0,1,1), shoulder
294, 941, (-1,0,-1,1,0,1,0,1), shoulder
295, 944, (-1,0,-1,1,0,1,1,1), shoulder
296, 953, (-1,0,-1,1,1,-1,1,1), shoulder
297, 962, (-1,0,-1,1,1,0,1,1), shoulder
298, 971, (-1,0,-1,1,1,1,1,1), shoulder
299, 1010, (-1,0,0,-1,0,0,-1,1), footslope
300, 1012, (-1,0,0,-1,0,0,0,0), none
301, 1013, (-1,0,0,-1,0,0,0,1), none
302, 1015, (-1,0,0,-1,0,0,1,0), none
303, 1016, (-1,0,0,-1,0,0,1,1), none
304, 1019, (-1,0,0,-1,0,1,-1,1), footslope
305, 1022, (-1,0,0,-1,0,1,0,1), none
306, 1024, (-1,0,0,-1,0,1,1,0), none
307, 1025, (-1,0,0,-1,0,1,1,1), shoulder
308, 1031, (-1,0,0,-1,1,-1,0,1), footslope
309, 1034, (-1,0,0,-1,1,-1,1,1), slope
310, 1040, (-1,0,0,-1,1,0,0,1), none
311, 1043, (-1,0,0,-1,1,0,1,1), shoulder
312, 1052, (-1,0,0,-1,1,1,1,1), shoulder
313, 1066, (-1,0,0,0,-1,0,0,0), none
314, 1067, (-1,0,0,0,-1,0,0,1), none
315, 1069, (-1,0,0,0,-1,0,1,0), none
316, 1070, (-1,0,0,0,-1,0,1,1), none
317, 1073, (-1,0,0,0,-1,1,-1,1), footslope
318, 1076, (-1,0,0,0,-1,1,0,1), none
319, 1079, (-1,0,0,0,-1,1,1,1), shoulder
320, 1085, (-1,0,0,0,0,-1,0,1), none
321, 1088, (-1,0,0,0,0,-1,1,1), none
322, 1091, (-1,0,0,0,0,0,-1,1), none
323, 1093, (-1,0,0,0,0,0,0,0), none
324, 1094, (-1,0,0,0,0,0,0,1), none
325, 1096, (-1,0,0,0,0,0,1,0), none
326, 1097, (-1,0,0,0,0,0,1,1), none
327, 1100, (-1,0,0,0,0,1,-1,1), none
328, 1102, (-1,0,0,0,0,1,0,0), none
329, 1103, (-1,0,0,0,0,1,0,1), none
330, 1105, (-1,0,0,0,0,1,1,0), none
331, 1106, (-1,0,0,0,0,1,1,1), shoulder
332, 1112, (-1,0,0,0,1,-1,0,1), none
333, 1114, (-1,0,0,0,1,-1,1,0), none
334, 1115, (-1,0,0,0,1,-1,1,1), shoulder
335, 1118, (-1,0,0,0,1,0,-1,1), none
336, 1120, (-1,0,0,0,1,0,0,0), none
337, 1121, (-1,0,0,0,1,0,0,1), none
338, 1123, (-1,0,0,0,1,0,1,0), none
339, 1124, (-1,0,0,0,1,0,1,1), shoulder
340, 1127, (-1,0,0,0,1,1,-1,1), shoulder
341, 1129, (-1,0,0,0,1,1,0,0), none
342, 1130, (-1,0,0,0,1,1,0,1), shoulder
343, 1132, (-1,0,0,0,1,1,1,0), shoulder
344, 1133, (-1,0,0,0,1,1,1,1), shoulder
345, 1148, (-1,0,0,1,-1,0,0,1), none
346, 1150, (-1,0,0,1,-1,0,1,0), none
347, 1151, (-1,0,0,1,-1,0,1,1), shoulder
348, 1154, (-1,0,0,1,-1,1,-1,1), slope
349, 1156, (-1,0,0,1,-1,1,0,0), none
350, 1157, (-1,0,0,1,-1,1,0,1), shoulder
351, 1159, (-1,0,0,1,-1,1,1,0), shoulder
352, 1160, (-1,0,0,1,-1,1,1,1), shoulder
353, 1166, (-1,0,0,1,0,-1,0,1), none
354, 1168, (-1,0,0,1,0,-1,1,0), none
355, 1169, (-1,0,0,1,0,-1,1,1), shoulder
356, 1172, (-1,0,0,1,0,0,-1,1), none
357, 1175, (-1,0,0,1,0,0,0,1), none
358, 1177, (-1,0,0,1,0,0,1,0), none
359, 1178, (-1,0,0,1,0,0,1,1), shoulder
360, 1181, (-1,0,0,1,0,1,-1,1), shoulder
361, 1183, (-1,0,0,1,0,1,0,0), none
362, 1184, (-1,0,0,1,0,1,0,1), shoulder
363, 1186, (-1,0,0,1,0,1,1,0), shoulder
364, 1187, (-1,0,0,1,0,1,1,1), shoulder
365, 1193, (-1,0,0,1,1,-1,0,1), shoulder
366, 1195, (-1,0,0,1,1,-1,1,0), shoulder
367, 1196, (-1,0,0,1,1,-1,1,1), shoulder
368, 1199, (-1,0,0,1,1,0,-1,1), shoulder
369, 1202, (-1,0,0,1,1,0,0,1), shoulder
370, 1204, (-1,0,0,1,1,0,1,0), shoulder
371, 1205, (-1,0,0,1,1,0,1,1), shoulder
372, 1208, (-1,0,0,1,1,1,-1,1), shoulder
373, 1210, (-1,0,0,1,1,1,0,0), shoulder
374, 1211, (-1,0,0,1,1,1,0,1), shoulder
375, 1213, (-1,0,0,1,1,1,1,0), shoulder
376, 1214, (-1,0,0,1,1,1,1,1), shoulder
377, 1262, (-1,0,1,-1,0,1,-1,1), slope
378, 1265, (-1,0,1,-1,0,1,0,1), shoulder
379, 1267, (-1,0,1,-1,0,1,1,0), shoulder
380, 1268, (-1,0,1,-1,0,1,1,1), shoulder
381, 1276, (-1,0,1,-1,1,-1,1,0), slope
382, 1277, (-1,0,1,-1,1,-1,1,1), shoulder
383, 1280, (-1,0,1,-1,1,0,-1,1), slope
384, 1283, (-1,0,1,-1,1,0,0,1), shoulder
385, 1285, (-1,0,1,-1,1,0,1,0), shoulder
386, 1286, (-1,0,1,-1,1,0,1,1), shoulder
387, 1289, (-1,0,1,-1,1,1,-1,1), shoulder
388, 1292, (-1,0,1,-1,1,1,0,1), shoulder
389, 1294, (-1,0,1,-1,1,1,1,0), shoulder
390, 1295, (-1,0,1,-1,1,1,1,1), shoulder
391, 1312, (-1,0,1,0,-1,0,1,0), none
392, 1313, (-1,0,1,0,-1,0,1,1), shoulder
393, 1316, (-1,0,1,0,-1,1,-1,1), slope
394, 1319, (-1,0,1,0,-1,1,0,1), shoulder
395, 1322, (-1,0,1,0,-1,1,1,1), shoulder
396, 1337, (-1,0,1,0,0,0,0,1), none
397, 1339, (-1,0,1,0,0,0,1,0), none
398, 1340, (-1,0,1,0,0,0,1,1), shoulder
399, 1343, (-1,0,1,0,0,1,-1,1), shoulder
400, 1346, (-1,0,1,0,0,1,0,1), shoulder
401, 1348, (-1,0,1,0,0,1,1,0), shoulder
402, 1349, (-1,0,1,0,0,1,1,1), shoulder
403, 1358, (-1,0,1,0,1,-1,1,1), shoulder
404, 1361, (-1,0,1,0,1,0,-1,1), shoulder
405, 1364, (-1,0,1,0,1,0,0,1), shoulder
406, 1366, (-1,0,1,0,1,0,1,0), shoulder
407, 1367, (-1,0,1,0,1,0,1,1), shoulder
408, 1370, (-1,0,1,0,1,1,-1,1), shoulder
409, 1373, (-1,0,1,0,1,1,0,1), shoulder
410, 1375, (-1,0,1,0,1,1,1,0), shoulder
411, 1376, (-1,0,1,0,1,1,1,1), shoulder
412, 1394, (-1,0,1,1,-1,0,1,1), shoulder
413, 1397, (-1,0,1,1,-1,1,-1,1), shoulder
414, 1400, (-1,0,1,1,-1,1,0,1), shoulder
415, 1402, (-1,0,1,1,-1,1,1,0), shoulder
416, 1403, (-1,0,1,1,-1,1,1,1), shoulder
417, 1412, (-1,0,1,1,0,-1,1,1), shoulder
418, 1418, (-1,0,1,1,0,0,0,1), shoulder
419, 1421, (-1,0,1,1,0,0,1,1), shoulder
420, 1424, (-1,0,1,1,0,1,-1,1), shoulder
421, 1427, (-1,0,1,1,0,1,0,1), shoulder
422, 1429, (-1,0,1,1,0,1,1,0), shoulder
423, 1430, (-1,0,1,1,0,1,1,1), shoulder
424, 1439, (-1,0,1,1,1,-1,1,1), shoulder
425, 1442, (-1,0,1,1,1,0,-1,1), shoulder
426, 1445, (-1,0,1,1,1,0,0,1), shoulder
427, 1448, (-1,0,1,1,1,0,1,1), shoulder
428, 1451, (-1,0,1,1,1,1,-1,1), shoulder
429, 1454, (-1,0,1,1,1,1,0,1), shoulder
430, 1456, (-1,0,1,1,1,1,1,0), shoulder
431, 1457, (-1,0,1,1,1,1,1,1), shoulder
432, 1640, (-1,1,-1,1,-1,1,-1,1), slope
433, 1643, (-1,1,-1,1,-1,1,0,1), shoulder
434, 1646, (-1,1,-1,1,-1,1,1,1), shoulder
435, 1661, (-1,1,-1,1,0,0,0,1), shoulder
436, 1664, (-1,1,-1,1,0,0,1,1), shoulder
437, 1670, (-1,1,-1,1,0,1,0,1), shoulder
438, 1673, (-1,1,-1,1,0,1,1,1), shoulder
439, 1682, (-1,1,-1,1,1,-1,1,1), shoulder
440, 1691, (-1,1,-1,1,1,0,1,1), shoulder
441, 1700, (-1,1,-1,1,1,1,1,1), shoulder
442, 1823, (-1,1,0,0,0,0,0,1), none
443, 1826, (-1,1,0,0,0,0,1,1), shoulder
444, 1832, (-1,1,0,0,0,1,0,1), shoulder
445, 1835, (-1,1,0,0,0,1,1,1), shoulder
446, 1844, (-1,1,0,0,1,-1,1,1), shoulder
447, 1850, (-1,1,0,0,1,0,0,1), shoulder
448, 1853, (-1,1,0,0,1,0,1,1), shoulder
449, 1859, (-1,1,0,0,1,1,0,1), shoulder
450, 1862, (-1,1,0,0,1,1,1,1), shoulder
451, 1886, (-1,1,0,1,-1,1,0,1), shoulder
452, 1889, (-1,1,0,1,-1,1,1,1), shoulder
453, 1907, (-1,1,0,1,0,0,1,1), shoulder
454, 1913, (-1,1,0,1,0,1,0,1), shoulder
455, 1916, (-1,1,0,1,0,1,1,1), shoulder
456, 1925, (-1,1,0,1,1,-1,1,1), shoulder
457, 1934, (-1,1,0,1,1,0,1,1), shoulder
458, 1940, (-1,1,0,1,1,1,0,1), shoulder
459, 1943, (-1,1,0,1,1,1,1,1), shoulder
460, 2024, (-1,1,1,-1,1,1,1,1), shoulder
461, 2069, (-1,1,1,0,0,0,1,1), shoulder
462, 2078, (-1,1,1,0,0,1,1,1), shoulder
463, 2096, (-1,1,1,0,1,0,1,1), shoulder
464, 2105, (-1,1,1,0,1,1,1,1), shoulder
465, 2132, (-1,1,1,1,-1,1,1,1), shoulder
466, 2159, (-1,1,1,1,0,1,1,1), shoulder
467, 2186, (-1,1,1,1,1,1,1,1), shoulder
468, 3280, (0,0,0,0,0,0,0,0), flat
469, 3281, (0,0,0,0,0,0,0,1), spur
470, 3284, (0,0,0,0,0,0,1,1), none
471, 3290, (0,0,0,0,0,1,0,1), none
472, 3293, (0,0,0,0,0,1,1,1), shoulder
473, 3308, (0,0,0,0,1,0,0,1), none
474, 3311, (0,0,0,0,1,0,1,1), shoulder
475, 3320, (0,0,0,0,1,1,1,1), shoulder
476, 3362, (0,0,0,1,0,0,0,1), none
477, 3365, (0,0,0,1,0,0,1,1), shoulder
478, 3371, (0,0,0,1,0,1,0,1), shoulder
479, 3374, (0,0,0,1,0,1,1,1), shoulder
480, 3392, (0,0,0,1,1,0,1,1), shoulder
481, 3401, (0,0,0,1,1,1,1,1), ridge
482, 3533, (0,0,1,0,0,1,0,1), shoulder
483, 3536, (0,0,1,0,0,1,1,1), shoulder
484, 3554, (0,0,1,0,1,0,1,1), shoulder
485, 3560, (0,0,1,0,1,1,0,1), shoulder
486, 3563, (0,0,1,0,1,1,1,1), ridge
487, 3608, (0,0,1,1,0,0,1,1), shoulder
488, 3617, (0,0,1,1,0,1,1,1), ridge
489, 3644, (0,0,1,1,1,1,1,1), ridge
490, 4100, (0,1,0,1,0,1,0,1), shoulder
491, 4103, (0,1,0,1,0,1,1,1), ridge
492, 4121, (0,1,0,1,1,0,1,1), ridge
493, 4130, (0,1,0,1,1,1,1,1), ridge
494, 4292, (0,1,1,0,1,1,1,1), ridge
495, 4346, (0,1,1,1,0,1,1,1), ridge
496, 4373, (0,1,1,1,1,1,1,1), ridge
497, 6560, (1,1,1,1,1,1,1,1), peak
